1 REM 
2 INIT 
3 MOV 75, 31
4 DRA 70, 26
5 DRA 79, 24
6 MOV 80, 36
7 DRA 75, 31
8 DRA 84, 29
9 MOV 84, 41
10 DRA 80, 36
11 DRA 89, 33
12 MOV 89, 45
13 DRA 84, 41
14 DRA 93, 38
15 MOV 94, 50
16 DRA 89, 45
17 DRA 98, 43
18 MOV 99, 55
19 DRA 94, 50
20 DRA 103, 48
21 MOV 103, 60
22 DRA 99, 55
23 DRA 108, 53
24 MOV 66, 34
25 DRA 61, 29
26 DRA 70, 26
27 MOV 71, 38
28 DRA 66, 34
29 DRA 75, 31
30 MOV 75, 43
31 DRA 71, 38
32 DRA 80, 36
33 MOV 80, 48
34 DRA 75, 43
35 DRA 84, 41
36 MOV 85, 53
37 DRA 80, 48
38 DRA 89, 45
39 MOV 90, 58
40 DRA 85, 53
41 DRA 94, 50
42 MOV 95, 62
43 DRA 90, 58
44 DRA 99, 55
45 MOV 57, 36
46 DRA 52, 31
47 DRA 61, 29
48 MOV 62, 41
49 DRA 57, 36
50 DRA 66, 34
51 MOV 67, 46
52 DRA 62, 41
53 DRA 71, 38
54 MOV 71, 51
55 DRA 67, 46
56 DRA 75, 43
57 MOV 76, 55
58 DRA 71, 51
59 DRA 80, 48
60 MOV 81, 60
61 DRA 76, 55
62 DRA 85, 53
63 MOV 86, 65
64 DRA 81, 60
65 DRA 90, 58
66 MOV 48, 39
67 DRA 43, 34
68 DRA 52, 31
69 MOV 53, 44
70 DRA 48, 39
71 DRA 57, 36
72 MOV 58, 48
73 DRA 53, 44
74 DRA 62, 41
75 MOV 62, 53
76 DRA 58, 48
77 DRA 67, 46
78 MOV 67, 58
79 DRA 62, 53
80 DRA 71, 51
81 MOV 72, 63
82 DRA 67, 58
83 DRA 76, 55
84 MOV 77, 68
85 DRA 72, 63
86 DRA 81, 60
87 MOV 39, 41
88 DRA 34, 37
89 DRA 43, 34
90 MOV 44, 46
91 DRA 39, 41
92 DRA 48, 39
93 MOV 49, 51
94 DRA 44, 46
95 DRA 53, 44
96 MOV 54, 56
97 DRA 49, 51
98 DRA 58, 48
99 MOV 58, 61
100 DRA 54, 56
101 DRA 62, 53
102 MOV 63, 65
103 DRA 58, 61
104 DRA 67, 58
105 MOV 68, 70
106 DRA 63, 65
107 DRA 72, 63
108 MOV 30, 44
109 DRA 26, 39
110 DRA 34, 37
111 MOV 35, 49
112 DRA 30, 44
113 DRA 39, 41
114 MOV 40, 54
115 DRA 35, 49
116 DRA 44, 46
117 MOV 45, 58
118 DRA 40, 54
119 DRA 49, 51
120 MOV 49, 63
121 DRA 45, 58
122 DRA 54, 56
123 MOV 54, 68
124 DRA 49, 63
125 DRA 58, 61
126 MOV 59, 73
127 DRA 54, 68
128 DRA 63, 65
129 MOV 21, 46
130 DRA 17, 42
131 DRA 26, 39
132 MOV 26, 51
133 DRA 21, 46
134 DRA 30, 44
135 MOV 31, 56
136 DRA 26, 51
137 DRA 35, 49
138 MOV 36, 61
139 DRA 31, 56
140 DRA 40, 54
141 MOV 40, 66
142 DRA 36, 61
143 DRA 45, 58
144 MOV 45, 70
145 DRA 40, 66
146 DRA 49, 63
147 MOV 50, 75
148 DRA 45, 70
149 DRA 54, 68
150 MOV 77, 33
151 DRA 76, 31
152 DRA 79, 30
153 MOV 79, 35
154 DRA 77, 33
155 DRA 81, 32
156 MOV 81, 36
157 DRA 79, 35
158 DRA 83, 34
159 MOV 83, 38
160 DRA 81, 36
161 DRA 84, 35
162 MOV 85, 40
163 DRA 83, 38
164 DRA 86, 37
165 MOV 86, 42
166 DRA 85, 40
167 DRA 88, 39
168 MOV 88, 44
169 DRA 86, 42
170 DRA 90, 41
171 MOV 90, 46
172 DRA 88, 44
173 DRA 91, 43
174 MOV 92, 48
175 DRA 90, 46
176 DRA 93, 45
177 MOV 93, 50
178 DRA 92, 48
179 DRA 95, 47
180 MOV 95, 51
181 DRA 93, 50
182 DRA 97, 49
183 MOV 97, 53
184 DRA 95, 51
185 DRA 98, 50
186 MOV 99, 55
187 DRA 97, 53
188 DRA 100, 52
189 MOV 100, 57
190 DRA 99, 55
191 DRA 102, 54
192 MOV 102, 58
193 DRA 100, 57
194 DRA 104, 56
195 MOV 104, 60
196 DRA 102, 58
197 DRA 105, 57
198 MOV 106, 62
199 DRA 104, 60
200 DRA 107, 59
201 MOV 107, 64
202 DRA 106, 62
203 DRA 109, 61
204 MOV 109, 65
205 DRA 107, 64
206 DRA 111, 63
207 MOV 74, 34
208 DRA 72, 32
209 DRA 76, 31
210 MOV 76, 36
211 DRA 74, 34
212 DRA 77, 33
213 MOV 78, 37
214 DRA 76, 36
215 DRA 79, 35
216 MOV 79, 39
217 DRA 78, 37
218 DRA 81, 36
219 MOV 81, 41
220 DRA 79, 39
221 DRA 83, 38
222 MOV 83, 43
223 DRA 81, 41
224 DRA 85, 40
225 MOV 85, 45
226 DRA 83, 43
227 DRA 86, 42
228 MOV 86, 47
229 DRA 85, 45
230 DRA 88, 44
231 MOV 88, 49
232 DRA 86, 47
233 DRA 90, 46
234 MOV 90, 50
235 DRA 88, 49
236 DRA 92, 48
237 MOV 92, 52
238 DRA 90, 50
239 DRA 93, 50
240 MOV 94, 54
241 DRA 92, 52
242 DRA 95, 51
243 MOV 95, 56
244 DRA 94, 54
245 DRA 97, 53
246 MOV 97, 57
247 DRA 95, 56
248 DRA 99, 55
249 MOV 99, 59
250 DRA 97, 57
251 DRA 100, 57
252 MOV 101, 61
253 DRA 99, 59
254 DRA 102, 58
255 MOV 102, 63
256 DRA 101, 61
257 DRA 104, 60
258 MOV 104, 65
259 DRA 102, 63
260 DRA 106, 62
261 MOV 106, 66
262 DRA 104, 65
263 DRA 107, 64
264 MOV 71, 35
265 DRA 69, 33
266 DRA 72, 32
267 MOV 73, 36
268 DRA 71, 35
269 DRA 74, 34
270 MOV 74, 38
271 DRA 73, 36
272 DRA 76, 36
273 MOV 76, 40
274 DRA 74, 38
275 DRA 78, 37
276 MOV 78, 42
277 DRA 76, 40
278 DRA 79, 39
279 MOV 80, 44
280 DRA 78, 42
281 DRA 81, 41
282 MOV 81, 46
283 DRA 80, 44
284 DRA 83, 43
285 MOV 83, 48
286 DRA 81, 46
287 DRA 85, 45
288 MOV 85, 50
289 DRA 83, 48
290 DRA 86, 47
291 MOV 87, 51
292 DRA 85, 50
293 DRA 88, 49
294 MOV 88, 53
295 DRA 87, 51
296 DRA 90, 50
297 MOV 90, 55
298 DRA 88, 53
299 DRA 92, 52
300 MOV 92, 57
301 DRA 90, 55
302 DRA 94, 54
303 MOV 94, 58
304 DRA 92, 57
305 DRA 95, 56
306 MOV 95, 60
307 DRA 94, 58
308 DRA 97, 57
309 MOV 97, 62
310 DRA 95, 60
311 DRA 99, 59
312 MOV 99, 64
313 DRA 97, 62
314 DRA 101, 61
315 MOV 101, 66
316 DRA 99, 64
317 DRA 102, 63
318 MOV 103, 67
319 DRA 101, 66
320 DRA 104, 65
321 MOV 68, 36
322 DRA 66, 34
323 DRA 69, 33
324 MOV 69, 37
325 DRA 68, 36
326 DRA 71, 35
327 MOV 71, 39
328 DRA 69, 37
329 DRA 73, 36
330 MOV 73, 41
331 DRA 71, 39
332 DRA 74, 38
333 MOV 75, 43
334 DRA 73, 41
335 DRA 76, 40
336 MOV 76, 45
337 DRA 75, 43
338 DRA 78, 42
339 MOV 78, 47
340 DRA 76, 45
341 DRA 80, 44
342 MOV 80, 49
343 DRA 78, 47
344 DRA 81, 46
345 MOV 82, 51
346 DRA 80, 49
347 DRA 83, 48
348 MOV 83, 52
349 DRA 82, 51
350 DRA 85, 50
351 MOV 85, 54
352 DRA 83, 52
353 DRA 87, 51
354 MOV 87, 56
355 DRA 85, 54
356 DRA 88, 53
357 MOV 89, 58
358 DRA 87, 56
359 DRA 90, 55
360 MOV 90, 59
361 DRA 89, 58
362 DRA 92, 57
363 MOV 92, 61
364 DRA 90, 59
365 DRA 94, 58
366 MOV 94, 63
367 DRA 92, 61
368 DRA 95, 60
369 MOV 96, 65
370 DRA 94, 63
371 DRA 97, 62
372 MOV 97, 66
373 DRA 96, 65
374 DRA 99, 64
375 MOV 99, 68
376 DRA 97, 66
377 DRA 101, 66
378 MOV 64, 37
379 DRA 63, 35
380 DRA 66, 34
381 MOV 66, 38
382 DRA 64, 37
383 DRA 68, 36
384 MOV 68, 40
385 DRA 66, 38
386 DRA 69, 37
387 MOV 70, 42
388 DRA 68, 40
389 DRA 71, 39
390 MOV 71, 44
391 DRA 70, 42
392 DRA 73, 41
393 MOV 73, 46
394 DRA 71, 44
395 DRA 75, 43
396 MOV 75, 48
397 DRA 73, 46
398 DRA 76, 45
399 MOV 77, 50
400 DRA 75, 48
401 DRA 78, 47
402 MOV 78, 51
403 DRA 77, 50
404 DRA 80, 49
405 MOV 80, 53
406 DRA 78, 51
407 DRA 82, 51
408 MOV 82, 55
409 DRA 80, 53
410 DRA 83, 52
411 MOV 84, 57
412 DRA 82, 55
413 DRA 85, 54
414 MOV 85, 59
415 DRA 84, 57
416 DRA 87, 56
417 MOV 87, 60
418 DRA 85, 59
419 DRA 89, 58
420 MOV 89, 62
421 DRA 87, 60
422 DRA 90, 59
423 MOV 91, 64
424 DRA 89, 62
425 DRA 92, 61
426 MOV 92, 66
427 DRA 91, 64
428 DRA 94, 63
429 MOV 94, 67
430 DRA 92, 66
431 DRA 96, 65
432 MOV 96, 69
433 DRA 94, 67
434 DRA 97, 66
435 MOV 61, 38
436 DRA 59, 36
437 DRA 63, 35
438 MOV 63, 39
439 DRA 61, 38
440 DRA 64, 37
441 MOV 65, 41
442 DRA 63, 39
443 DRA 66, 38
444 MOV 66, 43
445 DRA 65, 41
446 DRA 68, 40
447 MOV 68, 45
448 DRA 66, 43
449 DRA 70, 42
450 MOV 70, 47
451 DRA 68, 45
452 DRA 71, 44
453 MOV 72, 49
454 DRA 70, 47
455 DRA 73, 46
456 MOV 73, 51
457 DRA 72, 49
458 DRA 75, 48
459 MOV 75, 52
460 DRA 73, 51
461 DRA 77, 50
462 MOV 77, 54
463 DRA 75, 52
464 DRA 78, 51
465 MOV 79, 56
466 DRA 77, 54
467 DRA 80, 53
468 MOV 80, 58
469 DRA 79, 56
470 DRA 82, 55
471 MOV 82, 60
472 DRA 80, 58
473 DRA 84, 57
474 MOV 84, 61
475 DRA 82, 60
476 DRA 85, 59
477 MOV 86, 63
478 DRA 84, 61
479 DRA 87, 60
480 MOV 87, 65
481 DRA 86, 63
482 DRA 89, 62
483 MOV 89, 67
484 DRA 87, 65
485 DRA 91, 64
486 MOV 91, 68
487 DRA 89, 67
488 DRA 92, 66
489 MOV 93, 70
490 DRA 91, 68
491 DRA 94, 67
492 MOV 58, 38
493 DRA 56, 37
494 DRA 59, 36
495 MOV 60, 40
496 DRA 58, 38
497 DRA 61, 38
498 MOV 61, 42
499 DRA 60, 40
500 DRA 63, 39
501 MOV 63, 44
502 DRA 61, 42
503 DRA 65, 41
504 MOV 65, 46
505 DRA 63, 44
506 DRA 66, 43
507 MOV 67, 47
508 DRA 65, 46
509 DRA 68, 45
510 MOV 68, 49
511 DRA 67, 47
512 DRA 70, 47
513 MOV 70, 51
514 DRA 68, 49
515 DRA 72, 49
516 MOV 72, 53
517 DRA 70, 51
518 DRA 73, 51
519 MOV 74, 55
520 DRA 72, 53
521 DRA 75, 52
522 MOV 75, 57
523 DRA 74, 55
524 DRA 77, 54
525 MOV 77, 59
526 DRA 75, 57
527 DRA 79, 56
528 MOV 79, 60
529 DRA 77, 59
530 DRA 80, 58
531 MOV 81, 62
532 DRA 79, 60
533 DRA 82, 60
534 MOV 82, 64
535 DRA 81, 62
536 DRA 84, 61
537 MOV 84, 66
538 DRA 82, 64
539 DRA 86, 63
540 MOV 86, 68
541 DRA 84, 66
542 DRA 87, 65
543 MOV 88, 69
544 DRA 86, 68
545 DRA 89, 67
546 MOV 89, 71
547 DRA 88, 69
548 DRA 91, 68
549 MOV 55, 39
550 DRA 53, 38
551 DRA 56, 37
552 MOV 56, 41
553 DRA 55, 39
554 DRA 58, 38
555 MOV 58, 43
556 DRA 56, 41
557 DRA 60, 40
558 MOV 60, 45
559 DRA 58, 43
560 DRA 61, 42
561 MOV 62, 47
562 DRA 60, 45
563 DRA 63, 44
564 MOV 63, 48
565 DRA 62, 47
566 DRA 65, 46
567 MOV 65, 50
568 DRA 63, 48
569 DRA 67, 47
570 MOV 67, 52
571 DRA 65, 50
572 DRA 68, 49
573 MOV 69, 54
574 DRA 67, 52
575 DRA 70, 51
576 MOV 70, 56
577 DRA 69, 54
578 DRA 72, 53
579 MOV 72, 58
580 DRA 70, 56
581 DRA 74, 55
582 MOV 74, 60
583 DRA 72, 58
584 DRA 75, 57
585 MOV 76, 61
586 DRA 74, 60
587 DRA 77, 59
588 MOV 77, 63
589 DRA 76, 61
590 DRA 79, 60
591 MOV 79, 65
592 DRA 77, 63
593 DRA 81, 62
594 MOV 81, 67
595 DRA 79, 65
596 DRA 82, 64
597 MOV 83, 69
598 DRA 81, 67
599 DRA 84, 66
600 MOV 84, 70
601 DRA 83, 69
602 DRA 86, 68
603 MOV 86, 72
604 DRA 84, 70
605 DRA 88, 69
606 MOV 51, 40
607 DRA 49, 39
608 DRA 53, 38
609 MOV 53, 42
610 DRA 51, 40
611 DRA 55, 39
612 MOV 55, 44
613 DRA 53, 42
614 DRA 56, 41
615 MOV 56, 46
616 DRA 55, 44
617 DRA 58, 43
618 MOV 58, 47
619 DRA 56, 46
620 DRA 60, 45
621 MOV 60, 49
622 DRA 58, 47
623 DRA 62, 47
624 MOV 62, 51
625 DRA 60, 49
626 DRA 63, 48
627 MOV 64, 53
628 DRA 62, 51
629 DRA 65, 50
630 MOV 65, 55
631 DRA 64, 53
632 DRA 67, 52
633 MOV 67, 57
634 DRA 65, 55
635 DRA 69, 54
636 MOV 69, 59
637 DRA 67, 57
638 DRA 70, 56
639 MOV 71, 61
640 DRA 69, 59
641 DRA 72, 58
642 MOV 72, 62
643 DRA 71, 61
644 DRA 74, 60
645 MOV 74, 64
646 DRA 72, 62
647 DRA 76, 61
648 MOV 76, 66
649 DRA 74, 64
650 DRA 77, 63
651 MOV 78, 68
652 DRA 76, 66
653 DRA 79, 65
654 MOV 79, 69
655 DRA 78, 68
656 DRA 81, 67
657 MOV 81, 71
658 DRA 79, 69
659 DRA 83, 69
660 MOV 83, 73
661 DRA 81, 71
662 DRA 84, 70
663 MOV 48, 41
664 DRA 46, 40
665 DRA 49, 39
666 MOV 50, 43
667 DRA 48, 41
668 DRA 51, 40
669 MOV 51, 45
670 DRA 50, 43
671 DRA 53, 42
672 MOV 53, 47
673 DRA 51, 45
674 DRA 55, 44
675 MOV 55, 48
676 DRA 53, 47
677 DRA 56, 46
678 MOV 57, 50
679 DRA 55, 48
680 DRA 58, 47
681 MOV 58, 52
682 DRA 57, 50
683 DRA 60, 49
684 MOV 60, 54
685 DRA 58, 52
686 DRA 62, 51
687 MOV 62, 56
688 DRA 60, 54
689 DRA 64, 53
690 MOV 64, 58
691 DRA 62, 56
692 DRA 65, 55
693 MOV 65, 60
694 DRA 64, 58
695 DRA 67, 57
696 MOV 67, 62
697 DRA 65, 60
698 DRA 69, 59
699 MOV 69, 63
700 DRA 67, 62
701 DRA 71, 61
702 MOV 71, 65
703 DRA 69, 63
704 DRA 72, 62
705 MOV 73, 67
706 DRA 71, 65
707 DRA 74, 64
708 MOV 74, 69
709 DRA 73, 67
710 DRA 76, 66
711 MOV 76, 70
712 DRA 74, 69
713 DRA 78, 68
714 MOV 78, 72
715 DRA 76, 70
716 DRA 79, 69
717 MOV 80, 74
718 DRA 78, 72
719 DRA 81, 71
720 MOV 45, 42
721 DRA 43, 41
722 DRA 46, 40
723 MOV 46, 44
724 DRA 45, 42
725 DRA 48, 41
726 MOV 48, 46
727 DRA 46, 44
728 DRA 50, 43
729 MOV 50, 48
730 DRA 48, 46
731 DRA 51, 45
732 MOV 52, 49
733 DRA 50, 48
734 DRA 53, 47
735 MOV 53, 51
736 DRA 52, 49
737 DRA 55, 48
738 MOV 55, 53
739 DRA 53, 51
740 DRA 57, 50
741 MOV 57, 55
742 DRA 55, 53
743 DRA 58, 52
744 MOV 59, 57
745 DRA 57, 55
746 DRA 60, 54
747 MOV 60, 59
748 DRA 59, 57
749 DRA 62, 56
750 MOV 62, 61
751 DRA 60, 59
752 DRA 64, 58
753 MOV 64, 63
754 DRA 62, 61
755 DRA 65, 60
756 MOV 66, 64
757 DRA 64, 63
758 DRA 67, 62
759 MOV 67, 66
760 DRA 66, 64
761 DRA 69, 63
762 MOV 69, 68
763 DRA 67, 66
764 DRA 71, 65
765 MOV 71, 70
766 DRA 69, 68
767 DRA 73, 67
768 MOV 73, 71
769 DRA 71, 70
770 DRA 74, 69
771 MOV 74, 73
772 DRA 73, 71
773 DRA 76, 70
774 MOV 76, 75
775 DRA 74, 73
776 DRA 78, 72
777 MOV 41, 43
778 DRA 40, 41
779 DRA 43, 41
780 MOV 43, 45
781 DRA 41, 43
782 DRA 45, 42
783 MOV 45, 47
784 DRA 43, 45
785 DRA 46, 44
786 MOV 47, 49
787 DRA 45, 47
788 DRA 48, 46
789 MOV 48, 50
790 DRA 47, 49
791 DRA 50, 48
792 MOV 50, 52
793 DRA 48, 50
794 DRA 52, 49
795 MOV 52, 54
796 DRA 50, 52
797 DRA 53, 51
798 MOV 54, 56
799 DRA 52, 54
800 DRA 55, 53
801 MOV 55, 58
802 DRA 54, 56
803 DRA 57, 55
804 MOV 57, 60
805 DRA 55, 58
806 DRA 59, 57
807 MOV 59, 62
808 DRA 57, 60
809 DRA 60, 59
810 MOV 61, 63
811 DRA 59, 62
812 DRA 62, 61
813 MOV 62, 65
814 DRA 61, 63
815 DRA 64, 63
816 MOV 64, 67
817 DRA 62, 65
818 DRA 66, 64
819 MOV 66, 69
820 DRA 64, 67
821 DRA 67, 66
822 MOV 68, 71
823 DRA 66, 69
824 DRA 69, 68
825 MOV 69, 72
826 DRA 68, 71
827 DRA 71, 70
828 MOV 71, 74
829 DRA 69, 72
830 DRA 73, 71
831 MOV 73, 76
832 DRA 71, 74
833 DRA 74, 73
834 MOV 38, 44
835 DRA 36, 42
836 DRA 40, 41
837 MOV 40, 46
838 DRA 38, 44
839 DRA 41, 43
840 MOV 42, 48
841 DRA 40, 46
842 DRA 43, 45
843 MOV 43, 49
844 DRA 42, 48
845 DRA 45, 47
846 MOV 45, 51
847 DRA 43, 49
848 DRA 47, 49
849 MOV 47, 53
850 DRA 45, 51
851 DRA 48, 50
852 MOV 49, 55
853 DRA 47, 53
854 DRA 50, 52
855 MOV 50, 57
856 DRA 49, 55
857 DRA 52, 54
858 MOV 52, 59
859 DRA 50, 57
860 DRA 54, 56
861 MOV 54, 61
862 DRA 52, 59
863 DRA 55, 58
864 MOV 56, 63
865 DRA 54, 61
866 DRA 57, 60
867 MOV 57, 64
868 DRA 56, 63
869 DRA 59, 62
870 MOV 59, 66
871 DRA 57, 64
872 DRA 61, 63
873 MOV 61, 68
874 DRA 59, 66
875 DRA 62, 65
876 MOV 63, 70
877 DRA 61, 68
878 DRA 64, 67
879 MOV 64, 72
880 DRA 63, 70
881 DRA 66, 69
882 MOV 66, 73
883 DRA 64, 72
884 DRA 68, 71
885 MOV 68, 75
886 DRA 66, 73
887 DRA 69, 72
888 MOV 70, 77
889 DRA 68, 75
890 DRA 71, 74
891 MOV 35, 45
892 DRA 33, 43
893 DRA 36, 42
894 MOV 37, 47
895 DRA 35, 45
896 DRA 38, 44
897 MOV 38, 49
898 DRA 37, 47
899 DRA 40, 46
900 MOV 40, 50
901 DRA 38, 49
902 DRA 42, 48
903 MOV 42, 52
904 DRA 40, 50
905 DRA 43, 49
906 MOV 44, 54
907 DRA 42, 52
908 DRA 45, 51
909 MOV 45, 56
910 DRA 44, 54
911 DRA 47, 53
912 MOV 47, 58
913 DRA 45, 56
914 DRA 49, 55
915 MOV 49, 60
916 DRA 47, 58
917 DRA 50, 57
918 MOV 51, 62
919 DRA 49, 60
920 DRA 52, 59
921 MOV 52, 64
922 DRA 51, 62
923 DRA 54, 61
924 MOV 54, 65
925 DRA 52, 64
926 DRA 56, 63
927 MOV 56, 67
928 DRA 54, 65
929 DRA 57, 64
930 MOV 58, 69
931 DRA 56, 67
932 DRA 59, 66
933 MOV 59, 71
934 DRA 58, 69
935 DRA 61, 68
936 MOV 61, 72
937 DRA 59, 71
938 DRA 63, 70
939 MOV 63, 74
940 DRA 61, 72
941 DRA 64, 72
942 MOV 65, 76
943 DRA 63, 74
944 DRA 66, 73
945 MOV 66, 78
946 DRA 65, 76
947 DRA 68, 75
948 MOV 32, 46
949 DRA 30, 44
950 DRA 33, 43
951 MOV 33, 48
952 DRA 32, 46
953 DRA 35, 45
954 MOV 35, 50
955 DRA 33, 48
956 DRA 37, 47
957 MOV 37, 51
958 DRA 35, 50
959 DRA 38, 49
960 MOV 39, 53
961 DRA 37, 51
962 DRA 40, 50
963 MOV 40, 55
964 DRA 39, 53
965 DRA 42, 52
966 MOV 42, 57
967 DRA 40, 55
968 DRA 44, 54
969 MOV 44, 59
970 DRA 42, 57
971 DRA 45, 56
972 MOV 46, 61
973 DRA 44, 59
974 DRA 47, 58
975 MOV 47, 63
976 DRA 46, 61
977 DRA 49, 60
978 MOV 49, 65
979 DRA 47, 63
980 DRA 51, 62
981 MOV 51, 66
982 DRA 49, 65
983 DRA 52, 64
984 MOV 53, 68
985 DRA 51, 66
986 DRA 54, 65
987 MOV 54, 70
988 DRA 53, 68
989 DRA 56, 67
990 MOV 56, 72
991 DRA 54, 70
992 DRA 58, 69
993 MOV 58, 73
994 DRA 56, 72
995 DRA 59, 71
996 MOV 60, 75
997 DRA 58, 73
998 DRA 61, 72
999 MOV 61, 77
1000 DRA 60, 75
1001 DRA 63, 74
1002 MOV 63, 79
1003 DRA 61, 77
1004 DRA 65, 76
1005 MOV 28, 47
1006 DRA 26, 45
1007 DRA 30, 44
1008 MOV 30, 49
1009 DRA 28, 47
1010 DRA 32, 46
1011 MOV 32, 51
1012 DRA 30, 49
1013 DRA 33, 48
1014 MOV 34, 52
1015 DRA 32, 51
1016 DRA 35, 50
1017 MOV 35, 54
1018 DRA 34, 52
1019 DRA 37, 51
1020 MOV 37, 56
1021 DRA 35, 54
1022 DRA 39, 53
1023 MOV 39, 58
1024 DRA 37, 56
1025 DRA 40, 55
1026 MOV 41, 60
1027 DRA 39, 58
1028 DRA 42, 57
1029 MOV 42, 62
1030 DRA 41, 60
1031 DRA 44, 59
1032 MOV 44, 64
1033 DRA 42, 62
1034 DRA 46, 61
1035 MOV 46, 66
1036 DRA 44, 64
1037 DRA 47, 63
1038 MOV 48, 67
1039 DRA 46, 66
1040 DRA 49, 65
1041 MOV 49, 69
1042 DRA 48, 67
1043 DRA 51, 66
1044 MOV 51, 71
1045 DRA 49, 69
1046 DRA 53, 68
1047 MOV 53, 73
1048 DRA 51, 71
1049 DRA 54, 70
1050 MOV 55, 74
1051 DRA 53, 73
1052 DRA 56, 72
1053 MOV 56, 76
1054 DRA 55, 74
1055 DRA 58, 73
1056 MOV 58, 78
1057 DRA 56, 76
1058 DRA 60, 75
1059 MOV 60, 80
1060 DRA 58, 78
1061 DRA 61, 77
1062 MOV 25, 48
1063 DRA 23, 46
1064 DRA 26, 45
1065 MOV 27, 50
1066 DRA 25, 48
1067 DRA 28, 47
1068 MOV 28, 52
1069 DRA 27, 50
1070 DRA 30, 49
1071 MOV 30, 53
1072 DRA 28, 52
1073 DRA 32, 51
1074 MOV 32, 55
1075 DRA 30, 53
1076 DRA 34, 52
1077 MOV 34, 57
1078 DRA 32, 55
1079 DRA 35, 54
1080 MOV 35, 59
1081 DRA 34, 57
1082 DRA 37, 56
1083 MOV 37, 61
1084 DRA 35, 59
1085 DRA 39, 58
1086 MOV 39, 63
1087 DRA 37, 61
1088 DRA 41, 60
1089 MOV 41, 65
1090 DRA 39, 63
1091 DRA 42, 62
1092 MOV 43, 67
1093 DRA 41, 65
1094 DRA 44, 64
1095 MOV 44, 68
1096 DRA 43, 67
1097 DRA 46, 66
1098 MOV 46, 70
1099 DRA 44, 68
1100 DRA 48, 67
1101 MOV 48, 72
1102 DRA 46, 70
1103 DRA 49, 69
1104 MOV 50, 74
1105 DRA 48, 72
1106 DRA 51, 71
1107 MOV 51, 75
1108 DRA 50, 74
1109 DRA 53, 73
1110 MOV 53, 77
1111 DRA 51, 75
1112 DRA 55, 74
1113 MOV 55, 79
1114 DRA 53, 77
1115 DRA 56, 76
1116 MOV 57, 81
1117 DRA 55, 79
1118 DRA 58, 78
1119 MOV 22, 49
1120 DRA 20, 47
1121 DRA 23, 46
1122 MOV 23, 51
1123 DRA 22, 49
1124 DRA 25, 48
1125 MOV 25, 52
1126 DRA 23, 51
1127 DRA 27, 50
1128 MOV 27, 54
1129 DRA 25, 52
1130 DRA 28, 52
1131 MOV 29, 56
1132 DRA 27, 54
1133 DRA 30, 53
1134 MOV 30, 58
1135 DRA 29, 56
1136 DRA 32, 55
1137 MOV 32, 60
1138 DRA 30, 58
1139 DRA 34, 57
1140 MOV 34, 62
1141 DRA 32, 60
1142 DRA 35, 59
1143 MOV 36, 64
1144 DRA 34, 62
1145 DRA 37, 61
1146 MOV 37, 66
1147 DRA 36, 64
1148 DRA 39, 63
1149 MOV 39, 67
1150 DRA 37, 66
1151 DRA 41, 65
1152 MOV 41, 69
1153 DRA 39, 67
1154 DRA 43, 67
1155 MOV 43, 71
1156 DRA 41, 69
1157 DRA 44, 68
1158 MOV 44, 73
1159 DRA 43, 71
1160 DRA 46, 70
1161 MOV 46, 75
1162 DRA 44, 73
1163 DRA 48, 72
1164 MOV 48, 76
1165 DRA 46, 75
1166 DRA 50, 74
1167 MOV 50, 78
1168 DRA 48, 76
1169 DRA 51, 75
1170 MOV 52, 80
1171 DRA 50, 78
1172 DRA 53, 77
1173 MOV 53, 82
1174 DRA 52, 80
1175 DRA 55, 79
1176 MOV 18, 50
1177 DRA 17, 48
1178 DRA 20, 47
1179 MOV 20, 52
1180 DRA 18, 50
1181 DRA 22, 49
1182 MOV 22, 53
1183 DRA 20, 52
1184 DRA 23, 51
1185 MOV 24, 55
1186 DRA 22, 53
1187 DRA 25, 52
1188 MOV 25, 57
1189 DRA 24, 55
1190 DRA 27, 54
1191 MOV 27, 59
1192 DRA 25, 57
1193 DRA 29, 56
1194 MOV 29, 61
1195 DRA 27, 59
1196 DRA 30, 58
1197 MOV 31, 63
1198 DRA 29, 61
1199 DRA 32, 60
1200 MOV 32, 65
1201 DRA 31, 63
1202 DRA 34, 62
1203 MOV 34, 67
1204 DRA 32, 65
1205 DRA 36, 64
1206 MOV 36, 68
1207 DRA 34, 67
1208 DRA 37, 66
1209 MOV 38, 70
1210 DRA 36, 68
1211 DRA 39, 67
1212 MOV 39, 72
1213 DRA 38, 70
1214 DRA 41, 69
1215 MOV 41, 74
1216 DRA 39, 72
1217 DRA 43, 71
1218 MOV 43, 75
1219 DRA 41, 74
1220 DRA 44, 73
1221 MOV 45, 77
1222 DRA 43, 75
1223 DRA 46, 75
1224 MOV 46, 79
1225 DRA 45, 77
1226 DRA 48, 76
1227 MOV 48, 81
1228 DRA 46, 79
1229 DRA 50, 78
1230 MOV 50, 83
1231 DRA 48, 81
1232 DRA 52, 80
